15
8 11 2 9 0 3 9 2 2 10 9 10 7 7 12 
12 1 1 8 5 12 14 0 3 6 4 10 2 2 13 
13 2 10 7 3 2 3 5 5 5 0 14 0 8 13 
12 5 0 13 5 12 2 11 12 6 2 9 1 5 3 
14 10 5 1 3 1 4 6 6 1 11 6 7 4 6 
5 1 3 12 7 8 10 9 4 14 0 14 8 1 11 
3 8 6 1 9 9 2 5 7 0 6 4 6 5 8 
5 11 1 8 8 8 2 10 10 13 10 10 4 10 4 
0 14 12 7 0 6 8 9 4 1 9 10 12 7 1 
12 12 4 13 6 4 14 0 0 9 5 2 11 10 4 
0 10 3 4 9 10 3 3 4 7 4 13 9 8 6 
10 5 10 6 3 1 11 9 1 3 10 7 12 7 2 
1 14 4 12 4 14 14 7 2 4 6 13 9 0 13 
7 3 3 3 9 13 4 12 8 13 0 3 12 4 2 
6 6 2 10 10 6 1 9 5 10 5 3 0 0 3 


16
11 14 3 3 8 8 2 1 13 12 15 4 0 12 12 1 
2 7 15 12 0 3 12 11 3 12 12 9 8 7 11 3 
5 14 6 13 6 8 14 3 4 13 8 5 9 4 6 12 
11 5 8 11 9 5 6 12 1 2 5 9 9 0 12 14 
14 2 12 4 10 10 8 15 8 0 4 1 4 10 13 15 
15 6 11 8 11 1 4 12 4 9 6 13 9 2 12 7 
5 8 12 15 2 4 14 10 4 2 12 8 12 9 7 12 
15 2 4 10 4 9 7 8 2 13 5 12 15 1 3 4 
9 15 4 12 3 2 6 7 5 2 15 1 12 7 13 11 
9 2 6 13 11 13 5 13 10 11 9 9 12 13 14 6 
12 2 2 0 4 8 7 9 11 7 11 7 14 8 2 7 
10 8 5 5 5 10 3 15 5 12 9 2 9 7 8 6 
9 10 6 13 2 13 7 13 4 2 4 2 10 7 10 5 
15 15 10 5 9 13 4 15 10 13 1 3 4 9 9 13 
3 15 11 5 13 2 3 1 4 7 4 14 14 14 3 14 
13 14 3 6 11 7 5 5 5 6 9 9 15 2 7 2 


18
17 1 9 11 17 1 9 5 8 17 4 12 3 12 2 0 3 1 
15 4 2 10 4 13 3 3 17 13 9 5 7 9 5 16 2 4 
15 9 7 5 8 12 15 11 6 0 9 7 17 4 9 1 12 14 
12 15 15 12 8 7 15 15 16 2 11 16 5 8 7 12 11 13 
4 9 4 8 7 13 15 6 15 5 6 9 1 0 4 14 10 12 
3 8 10 17 8 3 15 13 10 2 6 3 15 10 10 1 1 17 
12 14 6 7 1 10 16 0 10 2 15 3 13 16 9 5 14 17 
6 11 11 14 12 17 0 7 9 8 9 8 8 1 5 12 9 4 
4 5 5 14 6 0 15 1 14 6 4 10 4 8 2 15 5 14 
12 3 3 1 11 10 10 1 12 13 11 1 15 15 4 2 10 8 
0 7 7 15 12 11 7 14 0 9 9 3 3 3 6 7 4 15 
15 12 15 7 5 8 8 3 4 11 3 14 1 4 1 9 17 11 
0 4 7 16 14 16 1 15 1 7 4 4 5 0 16 0 7 2 
8 14 5 12 7 8 6 6 10 8 15 7 1 14 12 9 12 8 
5 14 3 7 1 6 9 4 6 5 4 13 7 13 9 12 5 14 
1 12 3 9 0 0 17 17 12 11 6 7 17 12 1 2 17 2 
8 8 7 14 13 9 8 3 2 17 13 8 14 12 0 17 4 0 
15 1 17 10 12 6 15 9 16 16 11 15 0 0 5 5 12 16 


20
10 12 7 3 14 18 3 12 10 3 14 10 16 15 18 9 8 9 2 19 
7 14 6 18 18 8 6 16 2 0 19 5 4 6 0 11 16 4 3 6 
19 17 16 15 5 6 16 13 16 18 12 15 5 11 14 3 11 0 11 13 
12 10 10 17 9 11 8 17 7 3 4 18 13 12 5 18 19 1 11 7 
12 15 2 17 6 16 12 17 9 4 3 1 6 13 10 7 4 10 5 3 
14 1 1 19 5 6 17 16 0 0 3 4 15 6 13 14 14 5 11 3 
1 14 17 0 0 7 19 16 18 16 0 4 17 13 3 15 12 12 11 4 
12 7 8 19 13 1 13 7 18 5 3 12 11 0 12 3 19 3 0 17 
0 12 1 9 5 16 4 17 8 8 1 0 15 1 0 8 14 5 7 13 
2 10 17 14 10 1 17 10 4 9 19 4 1 13 14 7 9 10 16 10 
18 10 10 13 11 2 13 6 0 1 11 2 3 8 16 6 9 6 8 13 
7 7 10 9 12 4 8 2 14 16 4 13 6 14 18 10 9 4 16 9 
5 19 3 0 7 12 6 8 18 14 13 17 2 3 6 14 7 6 8 14 
3 12 19 1 19 17 11 0 13 19 1 18 10 4 11 17 16 17 17 6 
12 11 16 6 14 2 12 14 1 13 8 16 5 19 17 16 8 1 8 2 
12 1 12 3 6 3 0 14 1 10 13 5 1 9 11 7 3 3 1 4 
16 1 12 14 12 10 2 1 3 3 3 15 4 7 18 2 11 11 17 4 
1 2 9 14 11 0 1 6 15 15 3 12 8 15 18 1 17 12 14 0 
15 9 8 0 16 6 2 7 17 11 11 10 13 12 4 16 12 6 3 8 
13 18 12 1 13 2 14 3 14 8 15 10 17 3 10 14 10 4 13 19 


22
6 0 9 13 0 2 20 12 11 20 10 16 1 20 12 5 8 10 12 21 5 8 
9 0 20 20 6 0 19 20 13 1 20 20 12 19 20 10 9 9 9 19 1 8 
17 13 14 2 1 4 1 6 10 8 5 6 7 11 6 2 7 19 3 4 15 13 
1 13 1 10 20 8 5 19 17 1 11 7 1 10 9 0 17 20 8 0 2 15 
9 9 15 17 4 16 21 20 7 0 9 7 8 6 15 13 3 8 12 12 15 11 
1 3 11 16 21 20 14 1 11 21 8 5 16 13 21 13 9 5 11 16 12 17 
0 3 9 2 12 19 12 3 9 11 4 18 5 1 16 17 1 4 17 9 9 9 
0 6 1 7 9 10 2 21 6 0 3 13 2 13 8 13 16 17 2 19 14 6 
20 6 1 19 10 16 7 17 4 5 0 3 13 9 13 13 9 17 13 10 8 14 
21 17 5 13 10 7 10 0 13 7 5 13 4 15 7 11 9 9 15 9 12 4 
16 2 17 3 19 8 11 4 0 8 19 5 0 7 11 10 6 0 17 11 11 0 
4 19 9 11 4 2 20 17 4 15 17 21 16 14 8 4 16 6 12 13 10 12 
19 21 21 3 19 14 14 9 12 16 4 0 6 8 0 2 1 5 15 18 4 8 
11 10 10 3 17 20 17 3 9 14 2 8 17 21 0 7 6 13 1 10 11 5 
19 9 6 20 12 21 15 15 5 4 3 15 5 18 12 0 21 21 14 21 7 7 
19 5 14 3 16 14 14 3 19 9 13 3 5 3 1 20 18 4 0 20 18 6 
14 8 4 14 7 19 11 14 2 8 17 15 10 12 7 2 15 2 9 4 6 14 
8 5 11 2 9 11 20 5 15 13 13 20 3 20 15 14 10 17 21 6 10 9 
16 15 11 7 18 18 12 0 8 18 5 19 18 12 7 17 16 0 8 5 20 9 
2 11 1 10 7 0 16 15 9 8 9 18 16 5 12 4 5 21 20 8 16 16 
18 1 11 12 0 17 16 18 4 18 8 4 6 15 2 21 6 10 7 15 4 21 
18 17 1 1 16 21 7 8 16 4 10 3 14 10 19 8 4 21 4 12 3 9 



6
1 4 4 4 2 1 
2 0 3 3 1 5 
3 1 4 0 3 2 
0 4 3 2 3 5 
5 1 5 1 0 4 
4 0 2 2 4 3 


6
4 4 2 4 1 5 
3 0 1 5 2 4 
0 1 3 4 2 3 
0 0 0 4 5 2 
1 1 3 1 1 2 
2 3 4 4 1 5 

